[
  [
    0.0,
    96.03487197518012,
    38.48030059303243,
    75.46948741564358,
    40.20300175818703,
    22.90955976718797,
    5.960825333506156,
    68.62329211666238,
    35.535884308812285,
    74.38966981274325,
    36.2576238636985,
    74.63114932538089,
    50.31854076766117,
    15.388155088593567,
    36.04211638799465,
    15.440051890449446,
    50.82117364432858,
    29.9436872237781,
    32.33160587096012,
    44.86436353142684,
    40.150044722159706,
    50.956227783478,
    17.91186942365607,
    53.96755979543414,
    60.91307571226641,
    79.1902343053672,
    12.005181367454089,
    69.217980243169,
    38.28295971895887,
    27.545352542239144,
    56.54967519262341,
    56.315891428223935,
    13.281716155775115,
    49.50603440946024,
    96.58984616283202,
    67.34944710856038,
    63.24047958177433,
    19.583050436465815,
    62.11336214704763,
    26.805457940106123,
    19.59125994938907,
    47.93550819408635,
    47.73655982873251,
    62.41529036012032,
    61.97012042800615,
    38.12988356657257,
    55.93626359454389,
    58.01916236247081,
    44.643893684747425,
    23.14133184590144
  ],
  [
    96.03487197518012,
    0.0,
    78.90149030319148,
    56.93586474445741,
    34.431487204355165,
    65.52185519034585,
    31.337394897598358,
    52.860517004471504,
    47.65206473060771,
    44.465795379828705,
    46.50748938767172,
    56.395643971598695,
    55.58956044714843,
    44.96952845847882,
    17.05471281386293,
    74.25577828689325,
    15.099797577478943,
    77.71983319487256,
    5.528871665791129,
    82.68319965455194,
    65.87874940458202,
    36.70072757417888,
    48.98758117640459,
    82.71061915172069,
    36.88935195024433,
    60.72384359778849,
    85.44725899824937,
    32.972823000247566,
    26.672726005421367,
    37.002385911385595,
    67.2786938493899,
    61.43926986195098,
    33.04991195166646,
    18.742663635009773,
    37.48813995227826,
    27.384163403688234,
    73.4889482554043,
    72.81184441361057,
    44.899007216932155,
    34.968137174189735,
    18.7370089892625,
    60.097568449063836,
    64.86724231418611,
    37.06817983758569,
    44.36396672072362,
    70.32026518609891,
    54.96537826937693,
    67.20619130525563,
    5.332268025689373,
    53.94686343977067
  ],
  [
    38.48030059303243,
    78.90149030319148,
    0.0,
    33.00991177198231,
    53.69246060403017,
    55.24633780812016,
    47.813147721125375,
    70.85867731555919,
    37.01901426248911,
    25.434795474019523,
    30.314133692704765,
    35.97812426991737,
    55.558729796811164,
    69.89933450486848,
    48.75789972654111,
    75.083640002142,
    69.1530317440299,
    20.224663686085677,
    53.931223070593816,
    36.05699764682024,
    84.09920305426343,
    91.79916017221038,
    60.28902065678066,
    40.67428846329878,
    12.940421025029211,
    27.584694885035375,
    43.78180596630479,
    65.14246362168521,
    2.6702719838705007,
    69.13770128105013,
    22.541890180521932,
    52.30450932740165,
    17.739458035643374,
    30.386205130394927,
    62.92261039063949,
    17.18235440656626,
    43.88409100471016,
    78.32835052411605,
    56.44986302976755,
    78.60786699503879,
    93.46791830429162,
    21.273452590434836,
    33.096365604204735,
    50.89139342484063,
    35.692598903798256,
    35.62783871205741,
    56.33104498183158,
    55.983811455790615,
    23.440105395724764,
    42.10867570171111
  ],
  [
    75.46948741564358,
    56.93586474445741,
    33.00991177198231,
    0.0,
    94.23918097122458,
    28.30911951422196,
    65.65088108297823,
    46.496563609904825,
    53.43872675248203,
    81.81989400190312,
    59.283513083203545,
    59.863879155916045,
    36.43105416476803,
    64.24040437338965,
    11.679046237920781,
    58.71785348475463,
    46.642881789890936,
    54.457496792068255,
    31.534880950591692,
    75.38891823338177,
    70.63701510052923,
    41.0647104689007,
    72.13230573935107,
    45.605168211172355,
    48.696954725559806,
    15.40272300507521,
    61.80364515182593,
    55.82165208410478,
    83.73831718916816,
    35.72950186654494,
    34.44513038915164,
    50.134579233302595,
    64.16457372449739,
    62.06441910241188,
    38.513153655131134,
    45.33397880577759,
    55.90944962907133,
    70.23532872691459,
    28.60685618148822,
    49.131391405697165,
    17.546786140856415,
    92.18496677144205,
    79.91677947277361,
    73.08921358157215,
    19.45745969445027,
    59.13019460298847,
    51.21736397839846,
    88.59774045759137,
    60.115619986593416,
    56.57584109818454
  ],
  [
    40.20300175818703,
    34.431487204355165,
    53.69246060403017,
    94.23918097122458,
    0.0,
    9.389817465560427,
    41.67125311028751,
    37.020008196297155,
    16.674281447622313,
    14.032275302751586,
    61.86488185554316,
    78.53530281746416,
    38.93670724750927,
    33.1324605705894,
    39.083821043060105,
    19.23192771796932,
    37.789135880717275,
    47.84364451860156,
    53.785108119575696,
    63.582698285465995,
    73.34265849804922,
    78.42057501497325,
    54.65698387610775,
    49.56977726841224,
    38.00381651479796,
    46.745357797750735,
    84.18303594161725,
    44.268391638050296,
    77.90359136924619,
    33.410902863281464,
    58.956594385793395,
    36.8531640364427,
    32.65480443677951,
    29.362981918989448,
    32.07904515243999,
    84.99171204103507,
    31.866160711288593,
    47.42631437853266,
    69.71250241226039,
    58.97904499229993,
    60.81731344645688,
    90.24422143704166,
    85.47925559777048,
    23.92210989425414,
    38.079196680465934,
    90.41304877778214,
    68.15690892056901,
    84.60873675686074,
    82.12684568700705,
    71.81548355893754
  ],
  [
    22.90955976718797,
    65.52185519034585,
    55.24633780812016,
    28.30911951422196,
    9.389817465560427,
    0.0,
    95.62234096775995,
    67.0878414753441,
    73.41282382963188,
    29.84262950356598,
    39.18680226069203,
    69.82845163675385,
    30.392923467645176,
    32.6340202691752,
    93.39983188981556,
    76.8559918994689,
    71.81463383684454,
    44.9352972813761,
    62.79510239926232,
    34.16733603257104,
    73.54018997891424,
    58.25105420401182,
    52.28813649802965,
    83.3813703076771,
    64.26705337926937,
    46.85815393193644,
    83.54589905996482,
    76.28851165075642,
    59.03573821212399,
    86.40538290591817,
    64.61919910504471,
    27.864489838798182,
    45.008476491523666,
    51.78925320287861,
    34.52625505658142,
    42.16459943756665,
    62.20251457835369,
    40.04556133032668,
    24.82883516160271,
    76.31634294765028,
    39.7974509897614,
    35.64193367239656,
    57.18327132692745,
    30.353221519818582,
    52.49556897633901,
    54.92727670213054,
    58.55867756820617,
    17.23487733405154,
    61.626318832266605,
    11.671072275388308
  ],
  [
    5.960825333506156,
    31.337394897598358,
    47.813147721125375,
    65.65088108297823,
    41.67125311028751,
    95.62234096775995,
    0.0,
    17.88602222827267,
    59.423296706767616,
    14.53874832746729,
    67.65745560867406,
    11.070462587197106,
    12.026301975607188,
    62.509609943713315,
    58.1271147829747,
    65.97333636060502,
    67.3301679693684,
    10.939738398967297,
    48.950560069373964,
    38.765740021509785,
    62.26478565389265,
    74.21876452865166,
    53.0578599321144,
    22.317315361391074,
    81.99849269916754,
    47.18647675895623,
    63.60493898603047,
    75.74302485971913,
    63.37258294200011,
    47.128572591502746,
    47.073216131960045,
    68.5991481909392,
    4.5798010980430455,
    33.826275340659805,
    34.66974059641996,
    50.26519597034018,
    75.96235195530073,
    73.07031445928352,
    71.7543036330336,
    37.3348681692631,
    47.332446948976774,
    47.05442475611335,
    51.76146106371121,
    29.147226040198603,
    34.257467681406176,
    56.88149837791107,
    36.428774278754915,
    47.650926523629835,
    37.27551555549456,
    53.72770732959285
  ],
  [
    68.62329211666238,
    52.860517004471504,
    70.85867731555919,
    46.496563609904825,
    37.020008196297155,
    67.0878414753441,
    17.88602222827267,
    0.0,
    47.815627672036484,
    52.44570728853276,
    60.73268166420212,
    33.93552701409568,
    41.42050688909471,
    45.70777951429986,
    87.6291279179002,
    46.24829555641051,
    94.36626406735185,
    69.02652495653663,
    27.246022202736825,
    6.2872815655984695,
    47.76118923390161,
    21.402598778224398,
    42.92090146388598,
    78.30290724761045,
    26.225294903139623,
    40.82586630750111,
    82.41851885345251,
    22.638394914811744,
    81.1018971180647,
    48.17881598739466,
    32.9254268738396,
    55.61134034975005,
    71.60764289146172,
    59.354067128207554,
    47.8176840090959,
    64.74391497198275,
    23.744699486829028,
    32.23945729242968,
    56.1481362714114,
    61.59711892992647,
    88.41898102305376,
    41.51306512017277,
    64.08852669278784,
    56.43663002312714,
    60.1574745483439,
    68.2189406122466,
    73.90509358105045,
    25.14803411860696,
    48.695990196812744,
    69.19366547641087
  ],
  [
    35.535884308812285,
    47.65206473060771,
    37.01901426248911,
    53.43872675248203,
    16.674281447622313,
    73.41282382963188,
    59.423296706767616,
    47.815627672036484,
    0.0,
    7.842600135281552,
    63.63839915639636,
    85.33366133054008,
    72.83771478517255,
    61.16291769038065,
    44.60227387994476,
    67.28132072520656,
    37.51649461933428,
    44.951907511968486,
    46.86410900303947,
    46.20323043513953,
    52.302040866105465,
    63.65731471414852,
    39.66452937484851,
    68.47162566427872,
    16.97647495834093,
    31.03345651509376,
    39.3537895223301,
    58.43546600466923,
    47.07940150320434,
    17.05392289905982,
    37.85711454860245,
    80.16825374556359,
    42.88352472502803,
    25.280683611554412,
    35.50881436038814,
    40.83259017429702,
    12.781898999489325,
    83.27696595597578,
    51.90039871385512,
    36.196925731169095,
    7.972642614566464,
    81.97124902119344,
    32.89597033591298,
    41.344408017122106,
    55.47463543654017,
    63.39370946745515,
    55.21701300064875,
    64.5454464758836,
    68.37370369640375,
    28.97682778743323
  ],
  [
    74.38966981274325,
    44.465795379828705,
    25.434795474019523,
    81.81989400190312,
    14.032275302751586,
    29.84262950356598,
    14.53874832746729,
    52.44570728853276,
    7.842600135281552,
    0.0,
    42.45147631948188,
    63.658612710109026,
    71.96287546776573,
    57.918816720862054,
    82.27284471724894,
    58.38252258972468,
    20.347769073100146,
    46.98181143898618,
    30.5135902726643,
    85.13749375438235,
    25.453577057064603,
    79.96986842381895,
    10.30352695994895,
    46.289422237448356,
    76.36007405988954,
    78.85307585217653,
    44.708928504475075,
    57.523679496485485,
    91.91929735258478,
    59.3036698915396,
    69.86552450895019,
    79.88964766603576,
    49.97901072377112,
    53.96934087429773,
    61.91714136498237,
    72.59359559836793,
    7.6561409952290465,
    50.72032987100371,
    55.190151836847924,
    83.87679124806462,
    47.425590336340086,
    58.48683224362,
    63.22990712089365,
    47.11313796018162,
    68.8798111875489,
    39.700422397017036,
    46.711742918965065,
    11.438620097732514,
    71.5627223358985,
    69.55247987041287
  ],
  [
    36.2576238636985,
    46.50748938767172,
    30.314133692704765,
    59.283513083203545,
    61.86488185554316,
    39.18680226069203,
    67.65745560867406,
    60.73268166420212,
    63.63839915639636,
    42.45147631948188,
    0.0,
    56.33555951839466,
    48.85902100395683,
    61.30249061606317,
    40.570964867294826,
    9.35758224794266,
    68.2249021505591,
    79.40752713697296,
    78.98416082353017,
    12.102474061675569,
    41.06317281929393,
    62.91475654816367,
    89.34093925955975,
    83.47979976659846,
    63.40937284561876,
    37.199906570445876,
    25.122983848936432,
    59.492078272983015,
    13.545281157712845,
    63.114692399983284,
    81.38786570534701,
    67.81866786629523,
    93.86661725060934,
    58.012295438421425,
    46.320360348380646,
    70.10736745600884,
    75.62001799134279,
    51.43382852508538,
    38.11838045231534,
    12.812906402225394,
    49.636315215239755,
    33.75527508155509,
    18.875378094223002,
    66.31170139705466,
    68.76148466672032,
    56.819108094709094,
    31.393234163142534,
    34.493170364604254,
    60.62695135003051,
    88.36679733660804
  ],
  [
    74.63114932538089,
    56.395643971598695,
    35.97812426991737,
    59.863879155916045,
    78.53530281746416,
    69.82845163675385,
    11.070462587197106,
    33.93552701409568,
    85.33366133054008,
    63.658612710109026,
    56.33555951839466,
    0.0,
    47.05514825616667,
    50.30273074442786,
    47.57475839586846,
    45.35657779384652,
    61.74932104439691,
    44.815496899394894,
    58.81806118200208,
    47.83252693036201,
    75.20746048353378,
    88.4448899765368,
    31.393921869357058,
    37.86008924314061,
    65.85909897055193,
    87.41721628366781,
    52.33403431523088,
    57.07817825481626,
    30.550786645743987,
    45.746498925687405,
    59.0686269151216,
    61.04093092943296,
    57.38889928624317,
    42.5104441397043,
    35.06383645101285,
    54.454009400511,
    42.30174051893739,
    39.555817589688104,
    50.48365588910215,
    28.449927264626986,
    10.523648711212042,
    57.88052533028393,
    19.598813701881333,
    48.588143577414144,
    85.15933554068566,
    54.0252822960807,
    77.2035680945086,
    30.069118033631128,
    17.05888882275482,
    46.32887307616644
  ],
  [
    50.31854076766117,
    55.58956044714843,
    55.558729796811164,
    36.43105416476803,
    38.93670724750927,
    30.392923467645176,
    12.026301975607188,
    41.42050688909471,
    72.83771478517255,
    71.96287546776573,
    48.85902100395683,
    47.05514825616667,
    0.0,
    34.70480910246151,
    67.42145192968255,
    58.67573663222738,
    9.740596892641996,
    40.36307889437049,
    71.65992183519921,
    49.932037803232724,
    56.64687286238878,
    49.13673117576112,
    30.06591345129675,
    41.27718151264562,
    39.39845998791776,
    34.29396102504397,
    50.75382284127248,
    68.67926670443765,
    15.745032516777478,
    18.36174123893757,
    83.52644577151449,
    83.86768455832029,
    52.47060262618332,
    72.71239655936671,
    44.67469647105874,
    27.638373643483035,
    40.18376881530635,
    21.38998883694572,
    63.46248403668726,
    61.05005082482694,
    46.59380539332633,
    56.64201844509688,
    20.184724100169895,
    34.323646864681564,
    7.35399219913036,
    89.20676589206337,
    54.58516693623483,
    48.96361558323263,
    63.919356678770114,
    56.31194581515275
  ],
  [
    15.388155088593567,
    44.96952845847882,
    69.89933450486848,
    64.24040437338965,
    33.1324605705894,
    32.6340202691752,
    62.509609943713315,
    45.70777951429986,
    61.16291769038065,
    57.918816720862054,
    61.30249061606317,
    50.30273074442786,
    34.70480910246151,
    0.0,
    26.052763491691696,
    45.116070229911195,
    58.548280647343546,
    30.421844979839747,
    30.149939143066675,
    34.05094144110723,
    11.08682023149722,
    65.8979772879895,
    31.206106385614024,
    63.583977381627655,
    60.459017193044645,
    72.02053860802278,
    46.734499438494666,
    51.71343700212854,
    51.57122514589302,
    76.28678341722656,
    42.05640651787567,
    27.002265914005527,
    25.137261690145706,
    58.488933465805495,
    69.61152654162107,
    52.48895049427647,
    29.97974311241543,
    41.54404912472182,
    57.10567256901456,
    28.901115849405727,
    23.530499224211482,
    44.5126467316154,
    70.2296044124432,
    54.42189995361705,
    54.112947295208166,
    52.936502826835806,
    49.79674363377802,
    53.59512608220571,
    9.549496898397473,
    52.763243786095735
  ],
  [
    36.04211638799465,
    17.05471281386293,
    48.75789972654111,
    11.679046237920781,
    39.083821043060105,
    93.39983188981556,
    58.1271147829747,
    87.6291279179002,
    44.60227387994476,
    82.27284471724894,
    40.570964867294826,
    47.57475839586846,
    67.42145192968255,
    26.052763491691696,
    0.0,
    48.412313554434355,
    85.1006595500304,
    68.44805108420647,
    34.14813411579186,
    51.22317029572362,
    82.28480255950214,
    30.47885590502583,
    33.30695105987191,
    45.36855713058377,
    63.590728113329675,
    42.95910350415204,
    29.956510391943333,
    76.53692163018977,
    36.95664319042663,
    58.36271601465946,
    18.412178234823315,
    81.95015467756676,
    50.1604069042813,
    75.88236611972349,
    21.24546541154167,
    51.60564797397785,
    24.11218455122837,
    90.11314165505524,
    44.66534059135685,
    47.70363085744168,
    50.00624828025497,
    18.078388972990922,
    70.24462114193534,
    48.95687598515953,
    48.204463439052745,
    75.45654156166779,
    68.99122600352102,
    56.25744920546484,
    70.7433796365311,
    62.43369916799416
  ],
  [
    15.440051890449446,
    74.25577828689325,
    75.083640002142,
    58.71785348475463,
    19.23192771796932,
    76.8559918994689,
    65.97333636060502,
    46.24829555641051,
    67.28132072520656,
    58.38252258972468,
    9.35758224794266,
    45.35657779384652,
    58.67573663222738,
    45.116070229911195,
    48.412313554434355,
    0.0,
    64.24451295762144,
    71.96119691148088,
    39.2158618230984,
    59.052268551563856,
    52.035032704950936,
    79.30572101783963,
    35.701849790947236,
    60.958902155301615,
    51.14873268377362,
    11.5626246783808,
    43.923247248851034,
    42.977557612636225,
    82.91795088484153,
    34.7956436693562,
    35.4001881424008,
    48.58151917556886,
    46.33397920173086,
    60.05676732463851,
    59.02908569006684,
    61.848042789128485,
    77.67477852315476,
    67.07741429222276,
    59.40781790688177,
    76.86887184858217,
    28.58123853441014,
    68.7822745621913,
    33.23514986481025,
    79.63031887912767,
    16.562348640546947,
    75.29571523629798,
    53.4144682684843,
    30.791394730933277,
    83.11824449198107,
    56.409621577736516
  ],
  [
    50.82117364432858,
    15.099797577478943,
    69.1530317440299,
    46.642881789890936,
    37.789135880717275,
    71.81463383684454,
    67.3301679693684,
    94.36626406735185,
    37.51649461933428,
    20.347769073100146,
    68.2249021505591,
    61.74932104439691,
    9.740596892641996,
    58.548280647343546,
    85.1006595500304,
    64.24451295762144,
    0.0,
    28.07358675259193,
    17.874063068606464,
    52.948596554799785,
    49.42558248783591,
    12.609606146452032,
    21.64305395217273,
    61.70756785954708,
    31.333888265549838,
    65.7893713477674,
    43.919245601278206,
    53.37321378727123,
    39.14802824171834,
    71.61225822427843,
    43.88595697045561,
    56.219473417352155,
    56.96606998464813,
    19.648650667962066,
    28.168379603358357,
    58.02505571289429,
    60.71196125763963,
    20.67698983695383,
    73.47251050447012,
    41.1328419173952,
    18.43177969664702,
    43.52883241909608,
    31.263379415595494,
    79.8618196743183,
    49.158355282445,
    50.564483980159125,
    18.41403938150863,
    56.21390796174223,
    44.59848573502288,
    49.77850733907203
  ],
  [
    29.9436872237781,
    77.71983319487256,
    20.224663686085677,
    54.457496792068255,
    47.84364451860156,
    44.9352972813761,
    10.939738398967297,
    69.02652495653663,
    44.951907511968486,
    46.98181143898618,
    79.40752713697296,
    44.815496899394894,
    40.36307889437049,
    30.421844979839747,
    68.44805108420647,
    71.96119691148088,
    28.07358675259193,
    0.0,
    90.55938666678978,
    62.351049593401186,
    47.327413704911024,
    19.465634617178686,
    76.19265519200246,
    46.08104476673189,
    35.61781147231913,
    32.14554874614487,
    72.51619709248578,
    78.50583401314567,
    7.922993849047137,
    31.786786102127046,
    56.672990940518396,
    38.67954585731148,
    34.4070989482862,
    51.97651388226738,
    74.8738278830292,
    33.06449887329923,
    71.24297047057792,
    20.54913043961414,
    34.95116491556993,
    30.619029724424188,
    81.19948880776084,
    55.93728582396764,
    72.41451500943049,
    26.541551491352138,
    47.74291516553241,
    45.653998907941535,
    34.71425934146832,
    72.88516619483437,
    3.0868973202609693,
    6.7171611713320285
  ],
  [
    32.33160587096012,
    5.528871665791129,
    53.931223070593816,
    31.534880950591692,
    53.785108119575696,
    62.79510239926232,
    48.950560069373964,
    27.246022202736825,
    46.86410900303947,
    30.5135902726643,
    78.98416082353017,
    58.81806118200208,
    71.65992183519921,
    30.149939143066675,
    34.14813411579186,
    39.2158618230984,
    17.874063068606464,
    90.55938666678978,
    0.0,
    35.64926134915165,
    89.25182460592625,
    42.39215445554194,
    58.21757540676917,
    40.6104961012914,
    54.21630475783084,
    31.4688703578612,
    17.927790235422897,
    36.38553684567267,
    54.512443093451736,
    56.649896504580454,
    19.54620893979389,
    73.07478068342463,
    77.22373350416045,
    32.44231486436106,
    57.97907100280792,
    32.74773168034063,
    32.491948708736096,
    52.53987210574928,
    25.83651985813153,
    45.82363127174524,
    15.219961218769102,
    36.26449670841744,
    37.06050254872706,
    75.41948844768612,
    54.18896178850487,
    12.859357527406017,
    28.296011978230023,
    62.34850325228298,
    45.51608195697248,
    53.87971719794247
  ],
  [
    44.86436353142684,
    82.68319965455194,
    36.05699764682024,
    75.38891823338177,
    63.582698285465995,
    34.16733603257104,
    38.765740021509785,
    6.2872815655984695,
    46.20323043513953,
    85.13749375438235,
    12.102474061675569,
    47.83252693036201,
    49.932037803232724,
    34.05094144110723,
    51.22317029572362,
    59.052268551563856,
    52.948596554799785,
    62.351049593401186,
    35.64926134915165,
    0.0,
    35.20645291143524,
    61.397419366197276,
    43.38882917002946,
    25.47343096034206,
    15.646022437459825,
    28.057849494704133,
    33.10764323086823,
    14.876214635804368,
    71.65450292027478,
    69.11660956551435,
    63.248602171760055,
    61.328324153531796,
    42.15312597780764,
    44.90622763879327,
    48.62660080587157,
    44.77588784011763,
    53.74951629501143,
    58.25016061730482,
    33.286437735864595,
    42.55362655376166,
    73.29447686594227,
    51.48934890236474,
    57.93943490545574,
    46.03790044446411,
    24.059325795760202,
    30.546306080903136,
    66.58464887370748,
    43.583107893803366,
    67.07664965994168,
    49.70426025655204
  ],
  [
    40.150044722159706,
    65.87874940458202,
    84.09920305426343,
    70.63701510052923,
    73.34265849804922,
    73.54018997891424,
    62.26478565389265,
    47.76118923390161,
    52.302040866105465,
    25.453577057064603,
    41.06317281929393,
    75.20746048353378,
    56.64687286238878,
    11.08682023149722,
    82.28480255950214,
    52.035032704950936,
    49.42558248783591,
    47.327413704911024,
    89.25182460592625,
    35.20645291143524,
    0.0,
    30.034442109469907,
    90.70392769346401,
    79.50226188617022,
    94.78272005535126,
    58.66750611350432,
    55.68000777872313,
    90.84323850569132,
    32.1040147664453,
    69.94760382308291,
    5.33943249400141,
    59.348197497461975,
    35.0869188661782,
    25.43421141787948,
    11.405327873241164,
    57.99784332813529,
    27.641720741690158,
    77.2419670439389,
    38.35848074296352,
    17.389234560667788,
    75.26856489779716,
    77.48686485874802,
    56.33721290908686,
    65.78287401287454,
    79.58577035342489,
    36.32437755178495,
    57.24338124618188,
    34.16544839988676,
    51.748659565615164,
    12.888702560941436
  ],
  [
    50.956227783478,
    36.70072757417888,
    91.79916017221038,
    41.0647104689007,
    78.42057501497325,
    58.25105420401182,
    74.21876452865166,
    21.402598778224398,
    63.65731471414852,
    79.96986842381895,
    62.91475654816367,
    88.4448899765368,
    49.13673117576112,
    65.8979772879895,
    30.47885590502583,
    79.30572101783963,
    12.609606146452032,
    19.465634617178686,
    42.39215445554194,
    61.397419366197276,
    30.034442109469907,
    0.0,
    50.13779822133923,
    50.203240609851655,
    57.15431900546736,
    64.57280266352208,
    27.55759853182528,
    43.31605571127734,
    36.59306265353447,
    84.4984170617772,
    86.10885680074804,
    13.306904200341867,
    24.26672513968925,
    87.91535824335989,
    53.5393188452635,
    62.8077982405746,
    37.056190916663176,
    19.43212929203667,
    49.97074776462745,
    53.402595066696044,
    75.26927289044914,
    58.65936729769121,
    55.868942530660995,
    29.47090054415099,
    38.87557234604278,
    28.41170814260346,
    46.992312963467334,
    51.844120600424525,
    40.44609435227323,
    65.87916679002913
  ],
  [
    17.91186942365607,
    48.98758117640459,
    60.28902065678066,
    72.13230573935107,
    54.65698387610775,
    52.28813649802965,
    53.0578599321144,
    42.92090146388598,
    39.66452937484851,
    10.30352695994895,
    89.34093925955975,
    31.393921869357058,
    30.06591345129675,
    31.206106385614024,
    33.30695105987191,
    35.701849790947236,
    21.64305395217273,
    76.19265519200246,
    58.21757540676917,
    43.38882917002946,
    90.70392769346401,
    50.13779822133923,
    0.0,
    72.20614768664194,
    54.60694488866078,
    66.70274088524883,
    48.19882374355469,
    63.326205745403826,
    21.10950345911963,
    57.128899916818284,
    53.983379346178914,
    61.82928663114191,
    32.5063158313315,
    54.639934629848774,
    49.580062083552775,
    48.6687235344191,
    73.44443913385986,
    50.29971119329872,
    55.23375176062781,
    43.55756008295842,
    88.13479554092248,
    27.996351482132056,
    82.34585269895715,
    37.34551670829458,
    18.587246333151892,
    68.47327848507702,
    70.41522897595719,
    67.70949690105063,
    80.43806831645983,
    88.89325339187795
  ],
  [
    53.96755979543414,
    82.71061915172069,
    40.67428846329878,
    45.605168211172355,
    49.56977726841224,
    83.3813703076771,
    22.317315361391074,
    78.30290724761045,
    68.47162566427872,
    46.289422237448356,
    83.47979976659846,
    37.86008924314061,
    41.27718151264562,
    63.583977381627655,
    45.36855713058377,
    60.958902155301615,
    61.70756785954708,
    46.08104476673189,
    40.6104961012914,
    25.47343096034206,
    79.50226188617022,
    50.203240609851655,
    72.20614768664194,
    0.0,
    78.98667575754371,
    29.33530920194458,
    50.2032042798321,
    30.313110139930913,
    45.741212397339815,
    47.53399329127538,
    53.45453840733351,
    60.43229486820025,
    79.61479708755658,
    86.96318690497502,
    10.626888065315967,
    94.65501789358387,
    73.26034527119542,
    45.699869334039505,
    33.15871472506164,
    61.505980030483826,
    6.450521917551074,
    73.13502678183363,
    38.49129080234581,
    73.96347563949486,
    14.809884138049753,
    76.30711301846797,
    64.3223689302489,
    70.09074440062302,
    60.606698321084565,
    42.89841641043026
  ],
  [
    60.91307571226641,
    36.88935195024433,
    12.940421025029211,
    48.696954725559806,
    38.00381651479796,
    64.26705337926937,
    81.99849269916754,
    26.225294903139623,
    16.97647495834093,
    76.36007405988954,
    63.40937284561876,
    65.85909897055193,
    39.39845998791776,
    60.459017193044645,
    63.590728113329675,
    51.14873268377362,
    31.333888265549838,
    35.61781147231913,
    54.21630475783084,
    15.646022437459825,
    94.78272005535126,
    57.15431900546736,
    54.60694488866078,
    78.98667575754371,
    0.0,
    56.17188652236525,
    68.8296177756508,
    26.441952268404393,
    98.53773660320408,
    37.13426660194452,
    69.15355540255663,
    22.723046697597624,
    19.82328040754146,
    41.35293482978075,
    67.35545131173333,
    57.982629066458045,
    75.5360595431932,
    60.499069710025935,
    88.17894026979235,
    24.591491692271738,
    64.54897022973117,
    82.89489071022773,
    87.81285014310734,
    53.830148560735026,
    38.9780443542106,
    78.94338086732654,
    48.01300427970819,
    35.59826689381279,
    60.702107834469984,
    57.7143379284835
  ],
  [
    79.1902343053672,
    60.72384359778849,
    27.584694885035375,
    15.40272300507521,
    46.745357797750735,
    46.85815393193644,
    47.18647675895623,
    40.82586630750111,
    31.03345651509376,
    78.85307585217653,
    37.199906570445876,
    87.41721628366781,
    34.29396102504397,
    72.02053860802278,
    42.95910350415204,
    11.5626246783808,
    65.7893713477674,
    32.14554874614487,
    31.4688703578612,
    28.057849494704133,
    58.66750611350432,
    64.57280266352208,
    66.70274088524883,
    29.33530920194458,
    56.17188652236525,
    0.0,
    29.302305179773306,
    92.90627160334797,
    55.60380840704355,
    58.53245656599331,
    44.02788202642169,
    40.20943142169722,
    62.67026532180209,
    16.143886829231917,
    19.840467042109214,
    41.947647321853026,
    31.253889461601084,
    44.91999080087619,
    6.778138993571312,
    51.208072677950476,
    33.18978309139145,
    50.41388540968109,
    61.96417714149297,
    76.44367819541523,
    63.650394562536036,
    40.33986521196001,
    56.34651891376692,
    19.402463475843483,
    76.94154326986585,
    78.92813308519567
  ],
  [
    12.005181367454089,
    85.44725899824937,
    43.78180596630479,
    61.80364515182593,
    84.18303594161725,
    83.54589905996482,
    63.60493898603047,
    82.41851885345251,
    39.3537895223301,
    44.708928504475075,
    25.122983848936432,
    52.33403431523088,
    50.75382284127248,
    46.734499438494666,
    29.956510391943333,
    43.923247248851034,
    43.919245601278206,
    72.51619709248578,
    17.927790235422897,
    33.10764323086823,
    55.68000777872313,
    27.55759853182528,
    48.19882374355469,
    50.2032042798321,
    68.8296177756508,
    29.302305179773306,
    0.0,
    61.941437166720945,
    33.51647588265546,
    65.47557250512128,
    42.30176353175281,
    37.45630812485036,
    21.86207439202017,
    54.09334665562271,
    74.3397106922545,
    67.08840452356557,
    12.514310299448875,
    63.71115266128069,
    33.35493362739643,
    14.924975738311096,
    49.67806671122419,
    35.395603614012565,
    75.27145298845052,
    50.57064662148075,
    52.43759615250907,
    58.6620907185756,
    58.564880436085176,
    34.19827502270006,
    55.413479065845024,
    8.995386377988282
  ],
  [
    69.217980243169,
    32.972823000247566,
    65.14246362168521,
    55.82165208410478,
    44.268391638050296,
    76.28851165075642,
    75.74302485971913,
    22.638394914811744,
    58.43546600466923,
    57.523679496485485,
    59.492078272983015,
    57.07817825481626,
    68.67926670443765,
    51.71343700212854,
    76.53692163018977,
    42.977557612636225,
    53.37321378727123,
    78.50583401314567,
    36.38553684567267,
    14.876214635804368,
    90.84323850569132,
    43.31605571127734,
    63.326205745403826,
    30.313110139930913,
    26.441952268404393,
    92.90627160334797,
    61.941437166720945,
    0.0,
    65.72449645244448,
    67.92299031402428,
    23.92298841618764,
    51.89438859547758,
    75.38569033871634,
    33.39040217044788,
    82.75831754011489,
    38.44896111693431,
    87.16260468822898,
    32.30190182982283,
    72.67699826449225,
    44.45145611759807,
    61.063040803724604,
    26.60562055267229,
    17.201711819070454,
    58.34212896608258,
    47.034192871269994,
    66.92368391254615,
    22.01451828545062,
    52.125546767294054,
    78.75992482407763,
    74.99002880522644
  ],
  [
    38.28295971895887,
    26.672726005421367,
    2.6702719838705007,
    83.73831718916816,
    77.90359136924619,
    59.03573821212399,
    63.37258294200011,
    81.1018971180647,
    47.07940150320434,
    91.91929735258478,
    13.545281157712845,
    30.550786645743987,
    15.745032516777478,
    51.57122514589302,
    36.95664319042663,
    82.91795088484153,
    39.14802824171834,
    7.922993849047137,
    54.512443093451736,
    71.65450292027478,
    32.1040147664453,
    36.59306265353447,
    21.10950345911963,
    45.741212397339815,
    98.53773660320408,
    55.60380840704355,
    33.51647588265546,
    65.72449645244448,
    0.0,
    83.37016418308818,
    63.07384623495949,
    56.353830717234544,
    29.62977073770608,
    42.3093414334975,
    47.942670832051,
    14.661049542956775,
    55.55554562897683,
    50.3609033992595,
    42.49790415690175,
    77.42159351952358,
    61.515494900438036,
    54.1747960035321,
    77.83786135735608,
    57.110564442516505,
    58.477658088784594,
    40.85987758597993,
    66.61910928987618,
    64.40560660097219,
    63.11440160835596,
    40.70142490226058
  ],
  [
    27.545352542239144,
    37.002385911385595,
    69.13770128105013,
    35.72950186654494,
    33.410902863281464,
    86.40538290591817,
    47.128572591502746,
    48.17881598739466,
    17.05392289905982,
    59.3036698915396,
    63.114692399983284,
    45.746498925687405,
    18.36174123893757,
    76.28678341722656,
    58.36271601465946,
    34.7956436693562,
    71.61225822427843,
    31.786786102127046,
    56.649896504580454,
    69.11660956551435,
    69.94760382308291,
    84.4984170617772,
    57.128899916818284,
    47.53399329127538,
    37.13426660194452,
    58.53245656599331,
    65.47557250512128,
    67.92299031402428,
    83.37016418308818,
    0.0,
    68.01052576930124,
    33.678596787212754,
    49.99428670239698,
    35.36031003267902,
    47.255312089531245,
    60.56482243629169,
    34.77748773343345,
    63.2093376775567,
    23.057231863727374,
    64.70870267336338,
    44.863006934332994,
    57.47689732998169,
    33.07427593039239,
    29.646071176446455,
    45.44254331819604,
    37.27246448076728,
    33.86362994072283,
    63.27825061986651,
    63.592425261273576,
    82.96282952803122
  ],
  [
    56.54967519262341,
    67.2786938493899,
    22.541890180521932,
    34.44513038915164,
    58.956594385793395,
    64.61919910504471,
    47.073216131960045,
    32.9254268738396,
    37.85711454860245,
    69.86552450895019,
    81.38786570534701,
    59.0686269151216,
    83.52644577151449,
    42.05640651787567,
    18.412178234823315,
    35.4001881424008,
    43.88595697045561,
    56.672990940518396,
    19.54620893979389,
    63.248602171760055,
    5.33943249400141,
    86.10885680074804,
    53.983379346178914,
    53.45453840733351,
    69.15355540255663,
    44.02788202642169,
    42.30176353175281,
    23.92298841618764,
    63.07384623495949,
    68.01052576930124,
    0.0,
    42.403473751487965,
    73.74762165514237,
    31.281505431748137,
    36.310185435020166,
    8.475544004388809,
    58.265704024953166,
    68.6576570117499,
    38.38075122240697,
    35.88542387528854,
    45.6304087504881,
    7.1687061299351065,
    36.794894864216296,
    28.45320465480523,
    85.37947367996686,
    37.21237707119814,
    53.414088562916774,
    68.78928356227087,
    32.656181614380465,
    45.71871745630762
  ],
  [
    56.315891428223935,
    61.43926986195098,
    52.30450932740165,
    50.134579233302595,
    36.8531640364427,
    27.864489838798182,
    68.5991481909392,
    55.61134034975005,
    80.16825374556359,
    79.88964766603576,
    67.81866786629523,
    61.04093092943296,
    83.86768455832029,
    27.002265914005527,
    81.95015467756676,
    48.58151917556886,
    56.219473417352155,
    38.67954585731148,
    73.07478068342463,
    61.328324153531796,
    59.348197497461975,
    13.306904200341867,
    61.82928663114191,
    60.43229486820025,
    22.723046697597624,
    40.20943142169722,
    37.45630812485036,
    51.89438859547758,
    56.353830717234544,
    33.678596787212754,
    42.403473751487965,
    0.0,
    47.36688100640147,
    73.75075872102444,
    80.68114748619966,
    52.15053679843479,
    65.02705064827482,
    64.06267377726371,
    49.736789093535634,
    76.13199350383087,
    63.073878693324986,
    53.05891410189335,
    7.514840019136742,
    16.258512781324306,
    38.93096224207795,
    47.2769405080245,
    17.10084700365198,
    47.11483990585095,
    45.89018906456142,
    88.62125242019479
  ],
  [
    13.281716155775115,
    33.04991195166646,
    17.739458035643374,
    64.16457372449739,
    32.65480443677951,
    45.008476491523666,
    4.5798010980430455,
    71.60764289146172,
    42.88352472502803,
    49.97901072377112,
    93.86661725060934,
    57.38889928624317,
    52.47060262618332,
    25.137261690145706,
    50.1604069042813,
    46.33397920173086,
    56.96606998464813,
    34.4070989482862,
    77.22373350416045,
    42.15312597780764,
    35.0869188661782,
    24.26672513968925,
    32.5063158313315,
    79.61479708755658,
    19.82328040754146,
    62.67026532180209,
    21.86207439202017,
    75.38569033871634,
    29.62977073770608,
    49.99428670239698,
    73.74762165514237,
    47.36688100640147,
    0.0,
    71.96199639721931,
    72.84740934870744,
    35.131947437389336,
    49.34149405732359,
    39.73819152365586,
    77.76889392958367,
    69.41309576944386,
    50.443508444202564,
    65.4717423916405,
    54.265504630293634,
    33.174558367618005,
    49.852966508573196,
    61.58124783129024,
    36.89256959508497,
    87.19946758816334,
    88.36055223132229,
    82.72614288052662
  ],
  [
    49.50603440946024,
    18.742663635009773,
    30.386205130394927,
    62.06441910241188,
    29.362981918989448,
    51.78925320287861,
    33.826275340659805,
    59.354067128207554,
    25.280683611554412,
    53.96934087429773,
    58.012295438421425,
    42.5104441397043,
    72.71239655936671,
    58.488933465805495,
    75.88236611972349,
    60.05676732463851,
    19.648650667962066,
    51.97651388226738,
    32.44231486436106,
    44.90622763879327,
    25.43421141787948,
    87.91535824335989,
    54.639934629848774,
    86.96318690497502,
    41.35293482978075,
    16.143886829231917,
    54.09334665562271,
    33.39040217044788,
    42.3093414334975,
    35.36031003267902,
    31.281505431748137,
    73.75075872102444,
    71.96199639721931,
    0.0,
    28.290750817452942,
    75.08599396427493,
    83.62381090466059,
    62.59712692913917,
    60.68459506628476,
    62.576988981170445,
    57.55548685537449,
    70.73636754566888,
    46.57161683227572,
    22.903439571797904,
    61.18496525996497,
    6.162597480671896,
    35.941990566994164,
    28.666037605988922,
    62.763147333044,
    35.241693888681596
  ],
  [
    96.58984616283202,
    37.48813995227826,
    62.92261039063949,
    38.513153655131134,
    32.07904515243999,
    34.52625505658142,
    34.66974059641996,
    47.8176840090959,
    35.50881436038814,
    61.91714136498237,
    46.320360348380646,
    35.06383645101285,
    44.67469647105874,
    69.61152654162107,
    21.24546541154167,
    59.02908569006684,
    28.168379603358357,
    74.8738278830292,
    57.97907100280792,
    48.62660080587157,
    11.405327873241164,
    53.5393188452635,
    49.580062083552775,
    10.626888065315967,
    67.35545131173333,
    19.840467042109214,
    74.3397106922545,
    82.75831754011489,
    47.942670832051,
    47.255312089531245,
    36.310185435020166,
    80.68114748619966,
    72.84740934870744,
    28.290750817452942,
